1261.40648437
1259.98679687
1258.59789062
1256.789375
1253.99570313
1248.84226562
1235.46585938
1187.106875
1041.01226563
1031.6196875
1019.5246875
1015.40726563
1009.3546875
1004.87117187
1003.47351563
1003.93351563
1002.20046875
1004.62875
1004.09015625
1006.17585937
1003.96
998.07984375
995.306953125
998.8025
1000.84648438
999.580625
1001.26585937
1003.76507812
1000.20117188
998.80640625
1010.07859375
1002.83328125
1003.04679688
1003.82015625
998.679453125
997.70265625
999.151640625
994.780625
994.3703125
998.704921875
993.001875
998.519765625
995.305546875
1003.92304687
1004.03242187
1001.76085937
1002.60898437
995.42734375
1000.17445313
997.8425
996.810078125
996.286875
999.965
986.875
986.34328125
993.218359375
988.2440625
1004.5028125
1000.66960938
1000.15015625
992.57328125
997.735546875
992.101328125
988.173828125
986.88734375
980.159296875
988.0875
989.576328125
983.1853125
982.877890625
989.67015625
986.570390625
987.49296875
989.274375
985.03859375
983.033984375
982.379375
979.13734375
975.197421875
973.665390625
976.715859375
976.394140625
973.61453125
975.68234375
972.175859375
969.937890625
968.87984375
972.1025
972.5903125
971.854921875
969.030546875
967.3534375
964.2678125
961.84484375
966.030546875
962.08171875
963.7584375
958.850625
959.619765625
959.07171875
956.958046875
956.468125
956.55015625
955.096484375
955.458984375
954.586875
952.81921875
953.853671875
951.089921875
950.29640625
948.8565625
948.140703125
947.0996875
947.048125
945.153125
948.2353125
943.750390625
948.97203125
953.383984375
948.246484375
947.933984375
940.382890625
936.5228125
941.3090625
939.10390625
938.84671875
937.425234375
936.674921875
937.69140625
933.126640625
936.197890625
934.390390625
936.11171875
935.126171875
934.71609375
931.29390625
930.215390625
935.33109375
926.9784375
927.49125
927.95375
928.70359375
922.351171875
927.8359375
927.65390625
925.141171875
929.05875
926.287421875
922.492265625
917.41046875
918.29140625
915.990390625
912.482109375
912.771875
910.553828125
908.765625
909.878984375
920.866171875
916.370546875
907.893515625
909.382734375
901.186640625
900.619140625
896.43109375
899.01234375
895.23828125
897.736484375
895.655625
901.51484375
905.64828125
894.73109375
890.07078125
889.63390625
888.76
886.323828125
890.326953125
890.460390625
891.5259375
882.537109375
887.76578125
886.561640625
880.86953125
884.661640625
883.340703125
881.82109375
879.14640625
878.309296875
886.0084375
872.453671875
877.253046875
872.9303125
875.151171875
873.369921875
880.240859375
873.271328125
870.5896875
872.660703125
873.25421875
865.732734375
865.637421875
871.477578125
869.531875
867.296484375
862.360234375
866.2490625
868.88921875
866.1765625
863.394921875
866.184453125
869.6015625
864.85578125
868.8075
858.407109375
859.14921875
852.7146875
855.83796875
856.291484375
861.718359375
861.393125
856.128046875
855.69875
858.282109375
858.466875
858.72953125
860.182109375
854.91640625
851.025703125
853.257578125
851.168984375
851.516875
851.64171875
850.69640625
853.287890625
848.636796875
850.871328125
847.248125
847.04359375
847.0640625
847.459140625
850.881640625
846.473984375
845.65125
846.792421875
848.376171875
853.5021875
850.274921875
846.654765625
847.0434375
838.263203125
837.1165625
845.70171875
845.31484375
847.8409375
851.60359375
848.42515625
851.26328125
839.755859375
843.403828125
838.591875
838.462890625
839.92484375
837.76046875
836.46375
832.3040625
841.9103125
837.034765625
842.146484375
843.0271875
842.56390625
840.62625
832.472890625
831.139921875
835.344296875
834.55734375
838.125625
835.955625
833.673515625
831.537578125
836.2640625
838.874453125
834.823359375
829.6903125
830.280625
829.552578125
829.501875
827.1575
831.199375
838.75640625
831.554609375
832.55125
831.984921875
827.914765625
831.436640625
820.391953125
823.763984375
824.486953125
826.46234375
836.36921875
837.66765625
835.32109375
826.748671875
825.43125
821.14046875
828.76515625
825.4646875
818.30296875
825.380078125
827.797109375
827.79640625
826.918203125
827.4171875
830.288359375
828.26125
820.720234375
817.93234375
818.92234375
818.936015625
815.7865625
823.905390625
826.710390625
825.5559375
826.497265625
822.84640625
816.47453125
818.571953125
817.60140625
818.083125
818.127265625
820.06984375
821.02671875
816.833828125
820.77
819.802578125
822.8696875
819.11609375
812.195859375
817.070703125
815.439765625
822.4471875
817.29671875
815.257421875
818.714375
819.846328125
820.37609375
817.025703125
815.571328125
811.118515625
811.42828125
814.923515625
812.636171875
815.36109375
816.204765625
817.31703125
811.949140625
811.272109375
808.702265625
807.73765625
804.2590625
806.874609375
813.944453125
814.21546875
829.3815625
816.20078125
808.51828125
812.416796875
812.276484375
808.01921875
806.3596875
805.250625
809.173046875
808.882421875
804.2946875
811.013203125
813.102578125
814.738671875
812.476796875
808.077265625
805.489453125
806.4184375
805.64171875
803.156171875
799.998125
809.18265625
798.6984375
805.306171875
807.2084375
805.52578125
810.3540625
812.523125
805.354921875
805.80578125
805.674921875
804.9871875
804.864140625
800.7784375
800.39203125
804.613671875
800.432421875
807.75875
804.512578125
803.31328125
801.46203125
804.0828125
804.0678125
801.5521875
801.627890625
806.0725
797.84703125
803.6025
797.263046875
801.66
799.988203125
796.926875
799.350625
799.0809375
807.42359375
822.061875
802.4578125
799.973671875
792.446875
794.1265625
793.599296875
795.131953125
794.34515625
791.300078125
795.328046875
798.060390625
802.470078125
805.4896875
803.57453125
795.5840625
790.773125
794.27703125
789.057578125
791.3546875
790.35796875
794.4475
796.666953125
802.4496875
801.55796875
794.52171875
796.570625
793.84328125
791.27234375
788.087578125
791.463046875
793.600078125
789.329296875
796.296875
793.49546875
792.820078125
796.6946875
794.858125
786.27640625
791.309765625
791.4315625
791.1278125
784.72375
787.63125
784.16
787.550390625
791.68484375
786.83765625
791.148203125
784.039375
788.199296875
787.211953125
790.363671875
795.730859375
789.19875
795.316484375
784.525546875
782.7759375
787.359453125
781.953203125
785.2196875
784.20359375
789.3765625
783.825703125
787.325078125
783.62
780.261328125
781.93578125
782.226171875
780.89234375
780.47046875
780.859609375
780.36109375
783.979296875
783.691484375
787.427734375
795.415
785.460390625
782.051171875
779.396875
778.52015625
772.105
779.5759375
775.240078125
778.01078125
780.83546875
778.41171875
785.166640625
782.874921875
791.3896875
787.782265625
780.5078125
779.17828125
775.435
775.491796875
773.2584375
775.9059375
774.188203125
778.421875
772.495234375
780.85453125
776.700234375
781.69546875
777.521875
780.9475
773.331796875
770.992890625
773.842109375
770.4159375
776.458828125
777.335390625
774.8828125
771.976640625
768.30265625
776.778984375
772.54375
776.560234375
776.30234375
778.77125
769.607578125
774.87515625
776.60421875
768.361015625
766.31125
773.36234375
775.85578125
765.941953125
770.41
766.3096875
768.17421875
761.6075
776.05421875
770.63328125
776.3396875
774.285703125
770.15921875
762.431640625
764.51515625
766.733125
764.783203125
767.5140625
767.826640625
763.029375
763.761484375
765.5378125
767.1578125
765.1125
766.63984375
774.64828125
770.79875
766.491171875
763.15984375
760.724140625
759.670234375
761.460390625
759.6234375
763.52515625
758.017265625
759.826640625
758.956875
756.086796875
765.00234375
767.40859375
771.532265625
775.23109375
772.95859375
764.2021875
760.97375
756.974140625
756.323515625
756.349765625
756.93359375
759.951796875
760.239453125
753.341328125
757.53515625
758.7859375
763.66296875
769.22484375
773.02890625
759.023125
753.9965625
759.61953125
759.523515625
756.332265625
757.310234375
754.336875
751.129296875
752.3334375
760.9778125
755.2553125
752.76015625
753.326015625
757.923125
758.57046875
754.297265625
759.296171875
755.02671875
751.31453125
760.809609375
751.74046875
752.2615625
748.69421875
749.623515625
748.33234375
751.666484375
750.06375
755.60234375
758.23609375
756.6775
753.730234375
750.84375
749.766171875
747.94640625
749.4403125
744.522421875
745.10140625
749.652109375
747.398359375
753.922109375
749.07546875
749.032265625
758.37546875
761.130703125
755.230625
750.7128125
747.66390625
743.2740625
741.00515625
745.01171875
743.236953125
742.9490625
740.033828125
742.8415625
749.65828125
745.96734375
741.418515625
743.265078125
750.187578125
745.213671875
750.338671875
753.45
741.67890625
740.938828125
738.543828125
740.940078125
743.731796875
741.93125
748.35625
743.6646875
744.02953125
742.430625
739.65234375
747.259296875
739.673125
744.93421875
749.04203125
746.04234375
742.33953125
738.777578125
745.72453125
737.67203125
734.29109375
744.26609375
743.35046875
742.033046875
734.65328125
740.186015625
741.864296875
734.30875
739.591015625
735.532890625
736.64515625
733.576796875
743.756328125
741.431484375
743.82578125
747.332421875
746.852578125
735.10109375
732.592109375
730.446796875
734.357890625
735.284609375
731.99734375
733.511015625
739.001796875
734.978515625
737.906171875
733.508515625
733.067109375
732.816953125
729.7221875
735.201640625
744.93671875
734.54375
730.32703125
737.02046875
733.704921875
730.626953125
730.397421875
727.643203125
730.7553125
728.03875
732.705625
734.478046875
730.16765625
736.247734375
731.52375
730.300546875
732.602890625
736.31734375
734.921875
732.175859375
738.565546875
732.789375
729.363984375
732.3334375
724.15640625
726.728984375
726.768203125
725.770625
728.73375
725.423515625
727.40453125
722.634453125
726.252265625
726.764765625
725.76765625
726.655078125
731.34828125
730.3271875
727.68359375
728.48140625
730.001484375
724.262265625
723.445078125
730.524609375
719.43296875
719.6278125
720.75609375
724.180703125
728.5546875
732.158125
728.622421875
730.051328125
726.069140625
716.5778125
724.25890625
722.871015625
718.186640625
715.80765625
716.693515625
726.923984375
720.426484375
720.989453125
724.63359375
720.899921875
715.3065625
716.1059375
726.058984375
720.76109375
719.122734375
720.84484375
723.20671875
719.270703125
719.544609375
721.63296875
723.005234375
725.581796875
722.829375
721.736796875
720.063359375
719.534609375
715.909453125
714.37328125
712.09640625
708.804375
707.836640625
718.991640625
716.187265625
715.21484375
715.51
722.111171875
711.556015625
718.12515625
715.21125
713.4534375
714.006484375
714.855703125
720.141640625
709.73984375
710.82953125
709.70015625
713.20015625
716.538984375
712.597421875
706.917578125
707.86203125
709.57359375
711.685703125
707.173984375
712.73296875
713.7353125
709.202265625
704.037265625
702.911953125
705.629140625
709.59171875
710.03734375
717.970625
712.449453125
707.33734375
712.22171875
704.277578125
705.29390625
704.14265625
705.977265625
705.1728125
704.86453125
705.99328125
708.605390625
705.698515625
706.692109375
701.45453125
702.980625
702.5353125
697.51359375
702.86671875
704.103125
713.103125
717.296875
707.567421875
703.092578125
703.254765625
695.62390625
697.39796875
700.005
700.492109375
704.779296875
705.0178125
702.62921875
697.881953125
696.064609375
701.555625
691.881640625
696.438828125
695.058515625
700.065625
696.06265625
701.514765625
708.150390625
701.809375
690.822421875
699.190390625
693.4034375
694.898515625
693.57875
691.308203125
692.8965625
692.9625
696.60390625
691.79984375
691.89078125
695.44546875
690.9521875
694.95015625
693.70640625
696.168984375
698.470078125
689.313125
695.728125
702.649453125
689.54421875
694.026640625
693.069140625
694.197578125
694.3290625
690.9209375
692.942890625
691.42546875
692.2125
691.458984375
691.5984375
684.57515625
688.78125
688.859765625
690.2140625
693.420390625
691.748203125
693.642734375
688.543984375
693.31234375
692.93046875
688.49578125
684.2265625
688.72453125
693.603828125
692.305
695.2375
687.26796875
684.435390625
681.129921875
682.56703125
687.066796875
680.102734375
685.569765625
690.085703125
689.313125
687.4053125
684.12875
687.36234375
684.333203125
679.019375
690.664296875
688.55859375
692.599921875
684.332265625
689.464609375
680.260390625
680.914765625
676.32015625
675.83046875
684.42140625
687.55296875
684.999140625
683.433671875
684.62953125
680.678984375
675.883203125
677.023203125
678.814296875
681.934140625
685.82375
689.542734375
680.223359375
682.21234375
678.8959375
681.6590625
676.02984375
683.83
681.580078125
681.4365625
678.592109375
677.899296875
683.018515625
681.733515625
686.1471875
675.892890625
675.81765625
678.4534375
673.028046875
670.39984375
674.54515625
676.961328125
679.099765625
683.24828125
684.216328125
676.205546875
675.044921875
673.971171875
680.81703125
675.501953125
682.245
675.830703125
679.5471875
678.933828125
673.799453125
668.925390625
672.270390625
676.57921875
670.311640625
679.8328125
684.418359375
673.1865625
673.942890625
680.141484375
680.028671875
682.299453125
671.980546875
677.305390625
670.335859375
676.4296875
667.686328125
670.242265625
672.98953125
673.6896875
673.3753125
670.981640625
675.128515625
667.4346875
675.7640625
676.2659375
678.75625
668.6909375
671.267734375
669.645234375
670.91234375
671.79078125
666.14046875
665.09125
677.25375
670.99890625
672.0409375
670.0184375
668.296484375
665.7175
666.4828125
666.358125
657.089140625
668.558125
667.243046875
667.031875
666.92828125
663.05828125
669.0740625
681.255
674.06109375
671.346171875
668.176796875
668.900234375
666.88546875
670.883671875
669.583046875
666.24875
667.47828125
666.557578125
669.39984375
667.5221875
666.607578125
664.7725
657.805625
665.528125
662.759453125
668.3496875
663.08578125
669.607890625
668.887578125
654.647578125
663.131953125
669.3471875
664.793046875
664.5296875
660.447734375
664.433203125
667.18
664.962734375
663.844375
663.075390625
668.378046875
660.820390625
660.66078125
660.778671875
664.49078125
664.958125
656.9015625
658.471171875
665.2059375
665.2615625
664.586484375
666.98265625
656.780625
658.72953125
660.264140625
661.94765625
663.18765625
667.872578125
656.72609375
667.0440625
668.573515625
663.509375
664.736015625
662.658359375
663.483984375
657.620078125
662.084453125
654.7365625
659.646796875
656.9959375
663.303359375
663.856328125
661.308828125
662.04625
657.1684375
660.353125
665.9653125
658.026796875
662.14703125
663.7634375
665.125625
655.090976563
660.2034375
654.535117187
654.615117188
655.15375
655.816484375
654.326328125
656.784453125
654.354570312
659.028984375
658.65203125
654.32734375
661.878828125
659.638515625
655.65578125
655.344648438
659.243359375
660.160703125
653.510898438
655.11921875
656.630859375
655.040507812
655.133046875
654.127148437
656.609296875
649.179765625
649.791132812
652.8196875
653.257070312
647.821523437
652.928632813
657.842578125
650.661484375
655.292695312
656.918125
652.3128125
650.04421875
648.774023437
652.195195313
655.520546875
649.309648437
649.813632813
648.839101562
644.924726563
652.397070312
660.35546875
657.294765625
661.78265625
652.546640625
655.7634375
648.730742188
641.44359375
643.36515625
652.995625
653.647226563
647.311171875
652.191601562
653.105429687
655.57234375
649.808164063
650.562890625
649.360546875
642.222304688
644.46890625
646.542929687
644.42203125
646.182929687
651.984765625
649.88984375
655.752890625
654.57515625
647.77453125
647.10546875
652.792460937
643.682382813
642.777695312
643.376601563
644.640625
640.6153125
649.190195313
642.015820312
643.752148437
652.8703125
650.350585938
650.394257812
650.080585938
646.2946875
644.179257813
645.290195313
643.03796875
641.727109375
641.00671875
646.057851562
643.532265625
642.586835938
645.282421875
641.441289063
646.6303125
639.626289062
643.855664062
642.32796875
642.037265625
643.281210937
647.401328125
647.076484375
641.886875
642.565507812
640.416328125
644.041054688
649.469335937
653.753945313
648.334023438
643.577773438
643.602226563
639.887109375
642.444570312
641.940742187
637.978046875
636.645117187
635.56859375
631.978828125
647.344960937
646.43
645.75421875
639.891015625
644.09640625
641.8546875
642.157539062
638.65484375
642.887890625
638.870351562
640.182304688
637.618632812
643.083945312
640.538125
648.316171875
640.3259375
640.487851563
644.9578125
640.926875
644.296914063
635.79234375
642.471054687
635.209648438
639.580429687
640.758945313
638.487304688
643.144726562
645.916796875
639.922695312
643.9175
641.0796875
639.849570312
633.569414062
629.567695312
629.678046875
634.185507812
640.639882812
639.628984375
636.166835937
641.83390625
638.774492187
637.18578125
638.216992187
634.666640625
636.212226562
636.1265625
642.342382812
638.308828125
634.658242188
627.276914063
630.8525
634.210585938
639.305
635.374609375
634.97421875
636.950585938
635.741210938
633.19484375
640.75421875
636.940898437
633.751679687
641.3821875
635.089375
632.92
630.784414062
632.869882813
630.141054687
629.17359375
632.68125
634.577304688
645.078320312
639.273164062
638.036992188
635.194726563
631.303554687
631.093320313
633.281484375
631.716523437
625.946796875
629.067890625
627.582578125
629.878125
628.356367188
632.173242188
630.963046875
636.033046875
637.385898438
635.96515625
631.114101562
627.885351562
622.6759375
621.320742187
630.419101563
633.235742188
627.289257812
628.228789063
632.421835937
628.597851562
629.247695313
634.503398437
631.594296875
632.113125
633.696210938
630.526445312
626.489960937
628.713164063
632.027929687
630.15859375
622.696132812
626.190273437
630.186328125
634.488007812
630.67484375
634.8134375
635.183515625
629.680585938
626.918164062
621.509726562
625.264765625
625.390390625
622.185351563
629.850625
629.990117188
627.728320313
628.039179687
630.923085937
620.810859375
620.2746875
625.841367188
623.678085937
628.717890625
623.867851563
628.554023437
624.21625
630.861289062
630.936015625
626.185273437
625.674492188
620.876757813
622.339375
623.596875
625.37328125
620.239414063
613.728242187
621.76375
619.708515625
619.678320312
619.217695313
626.697460937
624.025625
637.803945312
626.10796875
624.074921875
623.296992187
616.67875
620.796992187
626.660625
619.055
620.5765625
624.35390625
620.079609375
628.03484375
631.526445312
631.716445313
626.25078125
618.472109375
616.284765625
617.5953125
620.749414063
620.291953125
616.144765625
621.644335938
622.092539063
623.858085938
622.990546875
620.41625
619.552460937
616.953007813
619.429570313
620.137929687
627.611367188
620.901796875
620.509257812
616.792070312
614.143242188
622.75890625
629.728945312
618.427851562
622.376875
616.857070313
618.0546875
621.512773437
612.29765625
612.700664062
618.935664062
620.320703125
617.329609375
620.650507812
613.383398437
619.160390625
628.23234375
625.606953125
620.695195313
623.9915625
610.945625
620.865976563
612.831992187
619.203085937
618.955351563
618.175195313
613.191796875
611.528828125
607.937929687
619.0053125
614.501757813
613.418554687
612.6378125
614.756171875
611.754648438
620.825898437
612.449414062
621.586367187
619.3178125
617.740195312
618.76828125
609.680859375
612.931523438
614.436523438
616.308554687
610.063476562
612.94859375
615.013984375
614.038789062
613.69234375
613.985117188
609.120898438
619.044101563
619.521914062
617.269101563
611.611914062
610.798164062
614.86796875
608.664257812
614.047070312
607.913242188
620.357539062
622.351015625
618.3915625
619.21625
610.190429688
606.105585937
608.683125
606.58578125
606.280859375
611.910507812
603.471953125
614.636953125
617.326132812
605.417851563
615.168671875
618.963789063
617.698007813
614.129882812
612.582109375
611.795351562
610.572695312
603.145703125
619.526640625
613.082109375
612.315898437
601.459375
605.992265625
613.420273437
609.800351563
606.897226563
610.21890625
616.118710938
605.080351563
609.711289062
600.716953125
610.75375
601.796796875
607.5021875
615.049765625
615.822304688
606.076757812
606.643671875
602.59671875
603.949296875
611.33796875
615.91109375
603.702382812
611.52546875
608.7165625
609.508164062
601.182617188
605.873554688
606.954375
610.438476562
606.668164062
608.481992188
601.776367188
604.861015625
608.742421875
605.593007812
612.91125
608.913671875
605.285859375
604.16671875
603.469609375
607.290820313
602.207421875
604.386679687
603.213046875
597.473671875
605.548007813
592.716914062
604.245742188
607.54421875
616.5765625
612.161328125
600.591328125
606.326054688
602.455625
601.501875
595.309960938
597.841289062
598.53859375
611.236796875
607.807460937
602.39578125
604.758789062
605.91125
609.545507812
604.362421875
606.597695313
602.204257813
597.410273437
602.25234375
598.022578125
599.610273438
602.3540625
605.679492188
596.318242188
603.403085938
611.716367188
602.0571875
600.20375
597.682382813
601.859609375
596.600898437
595.434414062
597.60578125
599.408632812
606.702773438
606.733984375
602.959804687
609.068046875
597.868867187
602.77296875
595.372460938
596.992070313
603.221484375
600.005625
601.400351562
602.078476562
593.452148438
603.494414063
594.963632813
594.810859375
595.612773437
596.537109375
594.766601562
597.45265625
594.866132813
598.904882812
604.647265625
610.1671875
594.350625
605.147304687
602.428710938
600.50140625
603.629101562
592.897578125
594.765117187
594.4559375
597.989101562
603.735898438
605.28703125
595.926992187
595.998242187
591.058125
599.569414062
592.458476562
588.273867187
595.348789063
590.704609375
598.560625
588.488632812
591.311679688
588.98484375
596.551640625
603.307070312
604.14
592.174101563
595.59421875
596.786054688
594.816210938
600.216953125
601.024921875
593.328945312
590.696015625
595.12234375
599.5409375
595.726523437
590.037382813
592.107578125
597.460117188
594.631601563
594.832929688
595.259726562
598.145429688
596.62828125
589.857304688
590.358867187
588.30640625
597.168515625
597.132734375
601.581640625
597.902578125
593.54
590.005507813
596.070195313
591.000507813
591.156835937
593.596328125
592.284609375
586.54375
589.06046875
598.488632812
591.868203125
592.779648437
594.4859375
594.794296875
588.7778125
590.910117187
590.62984375
585.15859375
587.53703125
591.504023437
593.220234375
591.006835938
599.56546875
590.141640625
590.091914062
585.48609375
583.468945312
595.1178125
589.37140625
591.708789063
591.885976562
590.736210938
588.296484375
592.524101563
593.184804687
592.500117187
586.40421875
587.366835938
590.009140625
591.0996875
594.016640625
591.657851563
586.441953125
588.4434375
585.199453125
583.925625
582.220507813
583.562734375
588.450546875
583.08734375
582.516132813
588.56046875
592.307890625
590.2646875
587.88375
583.644414063
579.152773437
590.410976562
589.468515625
591.705546875
588.155742187
584.77796875
586.231171875
581.559414062
576.36890625
581.159492187
580.441210938
593.242578125
584.787929687
581.26671875
593.66453125
593.909492187
594.81453125
585.341914062
588.409960938
588.304023437
581.486835938
581.732460938
580.163984375
576.873085938
584.450546875
581.084882813
579.002460938
583.515625
586.632304687
587.632695313
585.283164062
587.235039063
578.981132813
591.233945313
583.0603125
589.933007813
583.610976563
587.28609375
581.795273437
579.789804688
587.665390625
584.3190625
591.201601562
590.769960937
590.550195313
580.572265625
585.173125
582.348203125
581.6121875
578.996210937
581.956796875
582.988554688
581.916875
579.064804687
583.575859375
582.4546875
579.433476563
585.364453125
582.18609375
580.655898438
587.78046875
581.353984375
580.042421875
574.33109375
576.876054687
584.198359375
584.192226562
588.891835937
583.236914062
579.945
580.102851562
579.67875
589.1821875
581.779257812
574.399023437
578.611054687
576.515351562
582.038515625
584.556796875
575.449921875
576.23703125
583.742148437
575.453203125
580.77359375
590.373046875
583.802109375
586.415507812
575.893007812
579.22515625
575.83109375
572.625507813
582.275820312
577.655195313
573.9725
577.502773437
578.130625
576.538828125
571.567148438
575.884023437
574.87109375
574.224296875
581.513085938
576.479414063
581.379492187
583.409921875
574.513125
574.335742188
570.589492188
581.478203125
582.6903125
573.274101563
578.211132812
574.00125
579.963398438
580.390507813
578.87078125
578.449882813
576.206484375
575.350898437
572.724804687
577.7640625
568.223554688
573.939335938
574.594882813
576.8375
576.165625
579.20671875
573.8684375
574.272695312
570.060703125
580.60671875
583.238867187
582.2290625
581.858046875
577.578984375
577.847070313
576.389101562
569.557890625
576.669570313
575.035585937
573.329023438
576.15234375
575.931210938
573.716132812
574.523007813
577.374179688
567.073398438
576.927539063
571.460742188
574.786601562
573.02171875
572.930585938
576.269960937
572.774101563
574.425742187
574.4809375
577.521640625
574.174921875
574.5159375
570.32078125
571.648632812
577.077734375
577.994726562
571.239335937
569.429296875
566.252578125
577.067578125
576.650859375
570.35484375
571.15203125
577.897695312
578.333320312
568.559453125
575.7465625
574.6725
574.009960937
577.019921875
571.457070313
573.997773437
570.205820313
567.4425
565.340234375
574.146679687
569.489140625
566.531328125
562.380898438
570.6775
568.3446875
565.15328125
573.595742188
577.81484375
568.473945312
577.294335938
573.719492188
572.279804688
562.7296875
569.532070312
576.19296875
566.2059375
567.835351563
575.469882813
568.649609375
575.274570313
567.498085938
574.900664063
567.888164062
566.611210938
572.293554687
566.325429687
566.24125
569.1953125
567.064765625
567.647773437
567.263710938
566.323125
572.848554688
572.899453125
572.085585938
569.255078125
560.984765625
573.306601562
566.952148438
568.030898438
569.630664063
567.228515625
574.767382813
566.61671875
573.660546875
562.579375
571.142695312
574.310859375
564.041601562
568.7640625
564.55234375
570.087734375
564.756210937
566.128164062
570.41953125
563.075117188
569.537265625
567.661835937
558.424140625
561.726328125
563.366171875
561.596484375
568.243046875
573.915585938
570.049921875
566.25296875
562.6890625
559.495390625
562.867148437
564.355898437
562.731796875
566.844023438
569.73625
558.016132813
563.987382812
568.544335938
570.808945312
565.5734375
565.980039063
569.837539063
564.510351562
560.169257812
561.110195312
563.788828125
559.709609375
560.3746875
566.224960937
569.739492187
568.55640625
564.476015625
562.208476562
562.281445312
562.700507812
557.603867187
565.122421875
570.549101563
552.6159375
564.73296875
561.529101563
563.344179687
562.872109375
563.924570313
565.3790625
563.066054688
569.38390625
561.919335938
559.932148438
567.6584375
557.891992188
560.78359375
563.7834375
563.054296875
555.656953125
563.850820312
566.683984375
564.154726562
561.699179687
559.103242187
562.796953125
562.438984375
563.487890625
554.1071875
558.831445313
568.264492187
552.801640625
556.679257813
559.626210937
568.580625
562.2921875
563.583125
558.545351562
562.358984375
562.443320312
564.34921875
554.174023437
561.34625
562.394375
563.190117188
552.16984375
559.0309375
560.557851562
560.019726562
558.415429688
553.044960938
560.796992187
566.695117188
566.67625
556.395664063
563.59984375
553.099023438
556.95109375
557.706914063
554.285039063
560.663828125
561.45015625
555.284921875
551.824570312
566.013632812
557.445234375
559.899609375
559.300507812
558.54984375
558.467109375
557.541953125
564.355039063
562.985898438
560.309257813
556.50546875
551.559101563
556.5090625
565.276601562
561.378476563
556.576601562
558.176875
555.276835937
558.825078125
557.743828125
568.261210937
570.139648438
560.228828125
553.435546875
562.798085937
561.829375
554.307539063
550.195351563
556.534296875
546.695390625
561.49453125
562.64078125
553.485039063
560.149257812
554.48828125
558.551757812
551.683359375
559.793359375
553.774140625
555.715625
549.066523437
560.750390625
553.766992188
555.4196875
553.220859375
552.293320312
551.86375
555.682382813
553.88234375
552.299765625
554.961875
555.632734375
555.756289062
551.532148438
554.29890625
559.308164063
554.613632812
560.142070312
561.092929688
563.692539063
546.982382812
548.706367187
553.817929688
562.727851562
552.166601562
556.140703125
556.267851563
551.271679687
556.909804688
550.51109375
546.98296875
550.841015625
548.788828125
557.404375
556.3696875
551.9653125
561.598320313
558.209882813
549.201171875
558.762734375
546.564765625
551.3984375
554.27171875
563.9784375
560.683945312
554.159882812
554.695664062
548.904765625
550.31203125
554.48921875
547.684335938
548.152265625
552.6884375
555.73640625
557.482148437
558.61625
558.050429688
547.204335937
555.456953125
552.919804688
553.697890625
546.519882812
548.731289062
545.749414063
554.153554687
552.619023438
554.95765625
548.574726563
551.188710937
552.424570313
551.833125
546.94890625
557.22515625
551.779453125
557.508984375
548.039765625
561.385
552.180703125
551.425351563
556.165078125
550.286289063
542.781132813
554.85015625
549.820078125
552.538867188
547.361367188
556.05203125
544.461601563
548.101875
547.526835937
547.935195313
541.073007813
550.09109375
549.048515625
554.252226563
558.325742188
550.608828125
552.9365625
556.663125
554.236445312
543.4096875
554.145273438
550.334921875
551.533046875
545.8090625
555.53140625
550.142382813
546.562539063
544.730664062
544.98140625
543.703867188
547.606367188
554.50140625
551.591484375
554.240664062
546.517734375
555.514101562
548.063320312
549.302695312
551.811757812
549.110585937
542.657421875
540.63359375
546.1590625
541.262265625
545.025859375
543.477539062
554.044726563
552.103632812
550.36828125
553.770546875
549.255039063
547.301210937
549.899023437
550.211640625
543.206367187
552.359960937
543.518164062
548.5503125
546.615546875
545.900351562
549.784296875
555.885859375
556.016015625
547.26109375
538.866171875
540.121484375
553.468085937
542.083242187
552.97515625
546.130898438
545.671210937
547.164023437
541.206210938
544.628359375
544.571054688
540.596953125
549.6659375
542.53796875
543.850117188
537.673945312
547.03734375
545.820898437
546.9334375
543.955
546.206640625
536.220429687
545.80390625
546.299414062
541.223554688
547.751367188
550.912460937
538.591875
544.19078125
548.504960937
551.767265625
545.372890625
542.154804688
537.8584375
548.385078125
550.892734375
538.914453125
537.867929688
534.3015625
542.672695312
533.128867187
542.329882813
540.67375
543.294023437
544.648867187
546.21328125
546.167890625
542.391992188
545.047070312
541.5096875
543.885117187
546.225820312
532.529335938
541.844375
536.1740625
538.34015625
544.649765625
540.8246875
542.560234375
541.84734375
545.35390625
537.86609375
545.837070313
547.29859375
545.431757812
546.287539062
535.361015625
539.044726563
547.710820313
548.914804688
536.390195313
537.3525
545.688671875
538.80234375
544.06953125
544.224921875
539.881289062
545.076875
540.288398437
542.174765625
537.142109375
537.82703125
542.044765625
542.027460937
542.145390625
549.834609375
542.93859375
548.151015625
548.505898438
544.925507812
538.560585938
540.343320313
534.405703125
541.458007812
536.716015625
543.180585938
547.19765625
537.552695312
539.969609375
538.211640625
538.118945313
543.136679687
543.718554688
539.311015625
542.658671875
545.285976562
534.30828125
538.857890625
534.186796875
533.947148438
543.223203125
537.126679687
541.857460938
544.58140625
539.080703125
547.515898438
536.699414062
538.217734375
545.286445312
536.07296875
538.181289063
535.587148437
543.451523437
541.474453125
545.471796875
544.99375
541.488710937
534.5565625
541.000664063
544.233632812
536.915859375
530.29109375
540.2771875
534.402265625
535.60609375
537.687617187
537.260976562
545.515664063
541.549960938
538.870585937
539.489882813
534.019335938
538.678476563
534.868515625
536.464179687
529.66859375
535.940976563
541.486367188
536.057578125
535.549335938
531.675039062
533.638398437
531.762929687
540.20734375
533.5871875
528.08671875
533.20234375
535.105039063
535.3028125
545.149296875
539.713085937
541.909414062
541.38765625
542.50171875
537.114023438
531.754375
543.027265625
532.922460937
535.796289063
541.347070313
535.0984375
534.344726562
536.37984375
537.933476563
530.054765625
540.51390625
534.749765625
526.693828125
530.876523438
535.67234375
535.565
536.108476562
536.505585937
536.515390625
528.6309375
533.474453125
534.824335937
535.070703125
543.811210938
537.970585938
534.755820312
541.833203125
532.298867188
536.90515625
540.019492187
531.442773438
530.905898438
534.328945312
537.121132813
534.728632812
532.6284375
531.118515625
537.434609375
538.884335938
534.262421875
534.542539063
538.89046875
535.692421875
536.455859375
533.255546875
531.319179687
521.226875
541.432070312
530.362460938
530.036757813
533.887851563
535.283867188
535.15453125
533.24953125
535.234570312
541.49734375
536.010078125
537.346484375
534.902265625
527.222265625
530.118085938
524.580625
535.893203125
532.268984375
533.330234375
531.334726563
536.320195313
529.248125
533.501992188
532.780234375
533.164609375
533.531523438
536.533242188
530.209609375
533.185117188
538.4975
532.308789062
532.371835938
538.175195313
535.185078125
524.356367188
531.551054688
528.246171875
531.897539062
524.717421875
526.852734375
529.177929687
532.429492188
532.864414063
536.890039063
525.80296875
530.886523438
535.370898438
537.182890625
536.142148438
520.453476562
534.135742188
526.055039062
528.867148437
528.675429688
534.334804687
531.096210938
524.429453125
530.070625
527.869570312
537.764570313
527.777578125
528.913398437
529.52734375
532.578203125
532.314960938
540.738046875
534.10421875
529.230976563
530.18421875
520.625703125
522.070976563
533.34359375
531.222421875
520.893046875
525.448242188
526.993164062
532.509453125
527.301132812
527.257265625
527.001445312
527.600546875
532.259570313
526.255351562
539.36234375
526.894101563
533.466679688
525.0284375
536.692851562
526.460273437
533.9715625
530.108398438
526.712734375
521.121015625
540.90703125
524.030898438
526.66796875
530.974296875
531.55171875
528.681367187
527.588632813
532.955664062
526.14640625
529.13125
528.654804688
523.649179688
529.96890625
519.231171875
529.840351563
532.321835938
524.955039062
518.778828125
527.382265625
523.036523438
531.579179687
536.80375
537.333359375
536.996289062
525.869570312
525.191757812
527.165078125
529.199179687
532.751796875
530.8225
524.163632813
530.075546875
526.751210937
528.557734375
525.22765625
521.9321875
526.160273437
522.759453125
527.60734375
532.627617188
528.721171875
531.258046875
526.888789062
524.988828125
522.973632812
526.855351563
523.155117187
525.270625
529.233515625
523.310117188
528.509453125
533.8653125
523.539648437
528.134101562
540.310703125
517.02234375
530.4765625
526.730585937
529.5509375
526.84703125
528.809882812
522.377773437
524.821445313
523.135429688
529.896953125
528.014804688
527.201054688
528.686992187
523.535898438
525.172773438
514.841953125
524.3096875
527.846914062
529.696875
530.937070313
520.126484375
522.25296875
518.04171875
516.445859375
528.789921875
527.282617188
518.969609375
519.68046875
519.30890625
524.243867187
516.139726562
526.808945312
525.90234375
528.403125
531.196054688
522.993046875
529.214882813
523.429648437
518.497421875
522.958710937
527.65421875
517.94625
516.4540625
529.091601563
526.683203125
522.94515625
525.050859375
526.636601563
518.5753125
515.275585937
527.1840625
523.09
526.333007812
532.503515625
521.971132812
531.022226563
522.026796875
520.261757813
523.5478125
520.507070312
529.03625
516.117070313
523.5053125
520.114257812
514.675078125
523.46265625
523.57515625
524.345664062
518.499453125
527.69984375
520.480546875
525.737890625
530.4471875
526.3803125
516.808828125
520.447890625
521.004648438
528.433710937
525.964492188
509.303828125
527.843789063
516.852851562
517.465273437
517.385
519.97203125
520.3915625
518.839375
519.034101563
521.188242188
521.025546875
521.025039063
518.976953125
520.619765625
525.797265625
525.773398437
520.268945313
524.571328125
514.11515625
524.20140625
523.576992187
523.302851562
521.840976563
518.956328125
514.668945312
519.227734375
519.372890625
517.457539063
526.1059375
519.189726563
525.93796875
519.462304688
523.126132813
520.755859375
523.21296875
519.768164062
518.928125
522.8653125
522.471875
522.403984375
520.112109375
521.436367187
517.153828125
517.966367188
518.213320312
518.5925
523.95859375
513.591015625
514.115429687
513.632539062
525.767539062
521.476992187
517.099882813
524.423398438
520.146875
516.366484375
518.684882812
509.817226563
524.610078125
520.053710938
521.819609375
512.555703125
514.204492188
520.061914063
511.611171875
512.0884375
514.051054688
520.196523437
520.253242187
527.655234375
520.820859375
514.526210937
518.800273437
511.661484375
515.638789062
513.807109375
521.8859375
525.965898437
523.949140625
524.479570312
524.024960938
515.573007813
513.725585938
514.317929688
519.833398438
519.379179688
525.945195313
523.74765625
519.785546875
528.198007813
516.766835937
507.890585938
508.834765625
521.256601563
519.645078125
514.82921875
524.019960937
522.30015625
517.907929687
517.053710938
516.793945312
511.453789062
513.768203125
522.620859375
510.645351563
519.86984375
515.953320312
512.4190625
518.622070312
520.075429687
509.910585938
521.974101562
517.734257813
515.13046875
513.695390625
522.344570312
517.028203125
511.335234375
521.89078125
520.632109375
519.145820312
514.712265625
510.337382812
508.689570312
515.946445313
519.761210937
519.387382813
509.631679688
513.173320312
512.851757812
520.258789062
513.661523438
517.980742188
513.476757812
514.044140625
513.034921875
513.387617188
521.315898437
512.488320313
515.442148438
510.061914063
518.0334375
518.898789062
517.165273437
523.9825
522.008710938
514.5375
513.55359375
508.9621875
520.929453125
514.759453125
508.211210938
517.572070313
517.372070312
516.799101563
515.446796875
517.869648438
513.200039062
510.961796875
512.726132813
508.189335938
517.516679687
518.053203125
513.851757812
515.47484375
514.95609375
512.887226563
515.667304687
510.210351563
512.273398437
516.066328125
510.872617187
520.702109375
508.943164062
511.608867187
511.7434375
509.069726563
513.909648437
515.650507812
511.9478125
510.199804687
514.623945313
523.895195313
518.259765625
509.336289062
518.319921875
508.22890625
516.855859375
514.625507813
514.217265625
520.376875
504.061132812
516.277617188
511.860117188
513.11234375
513.599101562
507.630820313
511.188085937
513.289648437
509.099960937
513.956445313
510.402695312
513.713789063
515.960703125
506.310898437
510.83296875
507.177109375
512.120039063
506.821328125
510.451054688
510.412890625
515.453359375
509.673007812
504.249414063
520.859765625
512.511914062
509.24015625
519.03015625
509.70734375
520.62859375
515.94296875
508.56921875
506.199726563
514.0803125
507.485664063
510.23640625
505.929414062
501.6515625
509.83359375
511.357773437
516.705546875
514.251210937
524.524921875
512.910351562
519.077578125
510.623320313
509.336132813
508.208085938
511.488242188
513.72953125
512.973984375
512.12
507.22609375
518.990429687
511.887929687
511.7078125
515.24609375
515.9278125
518.57890625
511.327695312
505.200859375
508.494882813
507.558359375
515.913554687
511.41609375
503.094609375
509.118710937
512.111210938
506.74421875
508.568359375
512.94515625
507.980351563
510.863242188
511.679375
513.664648437
512.573671875
504.904296875
509.443515625
504.345273437
503.7175
508.275234375
506.5103125
508.438320313
516.831914063
501.367382813
516.653554687
509.6375
506.453320313
510.880898437
512.223476562
498.500898437
511.74109375
514.4175
519.352929688
507.570625
510.956484375
505.666132812
506.763320313
506.738554688
511.417539062
512.157851563
506.866757812
508.536679687
511.171054687
512.042460937
